10 111100
32 110
33 1010110110
34 10101111
38 01100110110101110000
39 1110101011
40 1010110111011101
41 011001101101010
42 111010110111110
43 011001101101011101
44 100010
45 01100101
46 1110100
47 01100110110101110001
48 01100110110111
49 011001101100
50 10101101110010
51 10101101110100
52 101011011101111
53 01100110110110
54 101011011100111
55 101011011101010
56 1010110111000
57 101011011100110
58 0110010011
59 011011010
63 0110110011
65 101011001
66 1010110000
67 1110101010
68 01100110111
69 1010110101
70 0110011000
71 11101011010
72 011011000
73 111010111
74 0110010010
75 10101101110110
76 11101011000
77 011011011
78 0110010000
79 0110011010
80 0110110010
81 101011011101011
82 0110011001
83 1110101001
84 01100111
85 1110101101110
86 11101011001
87 1010110001
88 11101011011110
89 111010110110
90 1010110111011100
91 111010110111111
93 01100110110100
95 0110011011010110
97 1001
98 1111010
99 111001
100 10100
101 001
102 101010
103 011010
104 0101
105 0001
106 1010110100
107 10101110
108 10000
109 111000
110 0100
111 0111
112 011000
113 0110010001
114 11111
115 0000
116 1011
117 111011
118 0110111
119 100011
120 1110101000
121 1111011
122 10101101111
123 01100110110101110010
124 01100110110101111
125 01100110110101110011
